# ImageSize pixel, KomaXNo, YNo, Designer-Title,on date
          800,        33,  33,      Nagata33Diamond, 090923
# Edge ChainMode.This format is new since 2005/09/10/,09/09/30
# Chain-FudeNo<max10, StartX, Y, Side*2+Direct
01, 16, 16, 00
# in ChainNo<max232 , Edgedata<max32
001-32, 1,1,0,1,1,0,1,1,0,0,1,1,1,1,0,1,1,1,0,0,1,0,0,0,1,1,1,0,0,1,0,0,
002-32, 0,1,1,1,0,0,1,0,0,0,1,1,1,0,1,1,0,0,0,1,1,1,1,0,0,0,1,1,1,1,1,1,
003-32, 1,0,1,0,0,0,1,1,0,0,1,0,0,1,1,0,0,0,1,0,0,1,1,1,1,1,0,1,0,0,0,1,
004-32, 1,0,0,1,0,0,1,1,0,0,0,1,0,1,1,0,0,0,1,1,0,1,1,0,1,1,1,0,0,0,1,1,
005-32, 0,0,1,0,1,0,0,1,0,0,0,1,1,0,1,1,0,1,1,1,0,0,0,1,1,0,1,0,0,1,0,1,
006-32, 1,0,0,0,1,0,0,1,1,1,1,1,0,0,1,0,0,1,1,0,0,0,1,0,1,1,0,0,0,1,0,1,
007-32, 1,0,0,0,1,0,1,0,0,0,1,1,1,1,1,1,1,0,0,1,0,0,1,1,1,1,1,0,0,0,1,1,
008-32, 0,0,1,0,0,1,1,0,0,0,1,1,1,1,1,0,0,1,0,1,0,0,0,1,1,1,0,0,0,1,0,1,
009-32, 0,0,1,1,0,0,0,1,0,1,0,0,1,1,0,1,0,0,0,1,0,1,1,0,0,1,0,1,0,0,0,1,
010-32, 1,0,0,0,1,1,1,0,1,1,1,1,1,1,1,1,0,0,1,0,1,0,1,0,1,0,1,1,1,1,0,0,
011-32, 0,1,0,1,0,0,0,1,1,0,1,0,1,0,0,0,1,0,1,1,0,1,1,0,1,0,0,0,1,0,1,0,
012-32, 0,1,1,0,1,0,1,0,1,1,1,1,0,1,1,1,1,0,1,0,1,1,1,1,0,1,1,0,1,1,1,0,
013-32, 0,0,1,1,0,0,1,0,1,0,1,1,1,1,1,1,0,1,0,1,1,0,1,0,0,0,1,0,1,1,0,1,
014-32, 1,1,0,1,0,0,0,1,0,1,1,0,0,1,0,1,0,0,0,1,0,1,1,0,1,1,1,0,1,0,0,0,
015-32, 1,0,1,1,0,1,0,0,1,0,1,0,0,0,1,1,1,1,1,0,0,1,0,1,0,0,0,1,1,1,0,0,
016-32, 0,1,1,1,1,0,1,1,0,1,1,0,1,0,0,1,1,0,0,0,1,1,0,0,1,0,0,1,0,1,1,0,
017-32, 1,0,1,1,0,1,1,0,0,0,1,0,1,0,0,0,1,1,0,1,1,0,0,1,0,0,0,1,1,1,0,0,
018-32, 1,0,0,1,0,0,0,1,1,1,1,0,1,0,1,1,0,1,1,0,0,0,1,0,1,0,0,0,1,1,1,0,
019-32, 1,0,0,0,1,0,1,1,0,1,1,0,1,0,0,0,1,0,1,1,1,1,0,1,1,0,1,1,0,1,0,0,
020-32, 1,1,0,0,0,1,1,0,0,1,0,0,0,1,1,0,1,1,0,1,1,0,1,0,1,0,0,1,0,0,0,1,
021-32, 1,1,1,0,0,0,1,1,1,1,0,0,0,1,0,1,0,0,0,1,1,0,1,0,0,0,1,1,0,1,1,0,
022-32, 1,1,0,1,0,1,0,0,1,0,1,1,1,1,0,0,0,1,0,0,1,0,0,1,0,0,1,1,1,1,1,0,
023-32, 0,1,0,0,1,1,0,0,0,1,0,1,1,0,0,0,1,0,0,1,1,1,1,1,0,0,1,0,0,1,1,1,
024-32, 1,0,1,0,0,1,0,0,0,1,1,0,1,1,0,1,1,1,0,0,0,1,1,0,1,0,0,1,0,0,0,1,
025-32, 1,1,0,1,1,1,0,0,0,1,0,1,0,0,0,1,1,0,1,0,0,1,0,1,1,1,0,0,0,1,0,0,
026-32, 1,1,1,0,1,1,0,0,0,1,0,1,0,0,0,1,1,0,1,0,0,1,1,1,0,0,0,1,0,0,1,1,
027-32, 1,0,1,0,1,0,0,1,1,0,0,0,1,1,0,0,1,0,0,0,1,1,1,1,1,0,1,1,1,1,0,0,
028-32, 0,1,0,0,1,1,0,0,0,1,1,0,0,1,0,0,0,1,1,1,1,0,0,0,1,0,1,0,1,0,0,1,
029-32, 0,1,0,1,0,0,1,0,1,0,0,0,1,1,1,1,1,0,0,1,0,1,0,0,0,1,1,1,1,1,0,1,
030-32, 0,0,0,1,0,1,1,0,1,1,1,0,1,0,0,0,1,0,1,1,0,0,1,0,1,0,0,0,1,0,1,1,
031-32, 0,1,1,1,0,1,0,0,0,1,0,1,1,0,1,0,1,1,0,0,1,0,0,1,1,0,0,0,1,0,0,1,
032-32, 1,1,1,1,0,1,0,0,0,1,1,0,0,1,0,0,1,1,0,0,0,1,0,1,1,0,0,0,1,1,1,1,
033-32, 1,0,1,1,1,1,0,0,0,1,0,1,0,0,0,1,1,1,1,0,0,0,1,0,0,1,1,0,0,0,1,1,
034-32, 0,0,1,0,1,0,0,1,0,0,1,1,0,0,0,1,1,0,1,1,0,1,0,1,1,0,1,1,0,0,1,1,
035-01, 1,
# 3 largest autoCoEfficiencies of sequence with shiftLength
# AllEdges of  1089,  0.587with25, 0.587with1064, 0.543with392,
# Chain-FudeNo<max10, StartX, Y, Side*2+Direct
02, 16, 16, 06
# in ChainNo<max232 , Edgedata<max32
001-32, 1,1,0,1,1,0,1,1,0,0,1,1,1,1,0,1,1,1,0,0,1,0,0,0,1,1,1,0,0,1,0,0,
002-32, 0,1,1,1,0,0,1,0,0,0,1,1,1,0,1,1,0,0,0,1,1,1,1,0,0,0,1,1,1,1,1,1,
003-32, 1,0,1,0,0,0,1,1,0,0,1,0,0,1,1,0,0,0,1,0,0,1,1,1,1,1,0,1,0,0,0,1,
004-32, 1,0,0,1,0,0,1,1,0,0,0,1,0,1,1,0,0,0,1,1,0,1,1,0,1,1,1,0,0,0,1,1,
005-32, 0,0,1,0,1,0,0,1,0,0,0,1,1,0,1,1,0,1,1,1,0,0,0,1,1,0,1,0,0,1,0,1,
006-32, 1,0,0,0,1,0,0,1,1,1,1,1,0,0,1,0,0,1,1,0,0,0,1,0,1,1,0,0,0,1,0,1,
007-32, 1,0,0,0,1,0,1,0,0,0,1,1,1,1,1,1,1,0,0,1,0,0,1,1,1,1,1,0,0,0,1,1,
008-32, 0,0,1,0,0,1,1,0,0,0,1,1,1,1,1,0,0,1,0,1,0,0,0,1,1,1,0,0,0,1,0,1,
009-32, 0,0,1,1,0,0,0,1,0,1,0,0,1,1,0,1,0,0,0,1,0,1,1,0,0,1,0,1,0,0,0,1,
010-32, 1,0,0,0,1,1,1,0,1,1,1,1,1,1,1,1,0,0,1,0,1,0,1,0,1,0,1,1,1,1,0,0,
011-32, 0,1,0,1,0,0,0,1,1,0,1,0,1,0,0,0,1,0,1,1,0,1,1,0,1,0,0,0,1,0,1,0,
012-32, 0,1,1,0,1,0,1,0,1,1,1,1,0,1,1,1,1,0,1,0,1,1,1,1,0,1,1,0,1,1,1,0,
013-32, 0,0,1,1,0,0,1,0,1,0,1,1,1,1,1,1,0,1,0,1,1,0,1,0,0,0,1,0,1,1,0,1,
014-32, 1,1,0,1,0,0,0,1,0,1,1,0,0,1,0,1,0,0,0,1,0,1,1,0,1,1,1,0,1,0,0,0,
015-32, 1,0,1,1,0,1,0,0,1,0,1,0,0,0,1,1,1,1,1,0,0,1,0,1,0,0,0,1,1,1,0,0,
016-32, 0,1,1,1,1,0,1,1,0,1,1,0,1,0,0,1,1,0,0,0,1,1,0,0,1,0,0,1,0,1,1,0,
017-32, 1,0,1,1,0,1,1,0,0,0,1,0,1,0,0,0,1,1,0,1,1,0,0,1,0,0,0,1,1,1,0,0,
018-32, 1,0,0,1,0,0,0,1,1,1,1,0,1,0,1,1,0,1,1,0,0,0,1,0,1,0,0,0,1,1,1,0,
019-32, 1,0,0,0,1,0,1,1,0,1,1,0,1,0,0,0,1,0,1,1,1,1,0,1,1,0,1,1,0,1,0,0,
020-32, 1,1,0,0,0,1,1,0,0,1,0,0,0,1,1,0,1,1,0,1,1,0,1,0,1,0,0,1,0,0,0,1,
021-32, 1,1,1,0,0,0,1,1,1,1,0,0,0,1,0,1,0,0,0,1,1,0,1,0,0,0,1,1,0,1,1,0,
022-32, 1,1,0,1,0,1,0,0,1,0,1,1,1,1,0,0,0,1,0,0,1,0,0,1,0,0,1,1,1,1,1,0,
023-32, 0,1,0,0,1,1,0,0,0,1,0,1,1,0,0,0,1,0,0,1,1,1,1,1,0,0,1,0,0,1,1,1,
024-32, 1,0,1,0,0,1,0,0,0,1,1,0,1,1,0,1,1,1,0,0,0,1,1,0,1,0,0,1,0,0,0,1,
025-32, 1,1,0,1,1,1,0,0,0,1,0,1,0,0,0,1,1,0,1,0,0,1,0,1,1,1,0,0,0,1,0,0,
026-32, 1,1,1,0,1,1,0,0,0,1,0,1,0,0,0,1,1,0,1,0,0,1,1,1,0,0,0,1,0,0,1,1,
027-32, 1,0,1,0,1,0,0,1,1,0,0,0,1,1,0,0,1,0,0,0,1,1,1,1,1,0,1,1,1,1,0,0,
028-32, 0,1,0,0,1,1,0,0,0,1,1,0,0,1,0,0,0,1,1,1,1,0,0,0,1,0,1,0,1,0,0,1,
029-32, 0,1,0,1,0,0,1,0,1,0,0,0,1,1,1,1,1,0,0,1,0,1,0,0,0,1,1,1,1,1,0,1,
030-32, 0,0,0,1,0,1,1,0,1,1,1,0,1,0,0,0,1,0,1,1,0,0,1,0,1,0,0,0,1,0,1,1,
031-32, 0,1,1,1,0,1,0,0,0,1,0,1,1,0,1,0,1,1,0,0,1,0,0,1,1,0,0,0,1,0,0,1,
032-32, 1,1,1,1,0,1,0,0,0,1,1,0,0,1,0,0,1,1,0,0,0,1,0,1,1,0,0,0,1,1,1,1,
033-32, 1,0,1,1,1,1,0,0,0,1,0,1,0,0,0,1,1,1,1,0,0,0,1,0,0,1,1,0,0,0,1,1,
034-32, 0,0,1,0,1,0,0,1,0,0,1,1,0,0,0,1,1,0,1,1,0,1,0,1,1,0,1,1,0,0,1,1,
035-01, 1,
# 3 largest autoCoEfficiencies of sequence with shiftLength
# AllEdges of  1089,  0.587with25, 0.587with1064, 0.543with392,
# Chain-FudeNo<max10, StartX, Y, Side*2+Direct
03, 16, 16, 04
# in ChainNo<max232 , Edgedata<max32
001-32, 1,1,0,1,1,0,1,1,0,0,1,1,1,1,0,1,1,1,0,0,1,0,0,0,1,1,1,0,0,1,0,0,
002-32, 0,1,1,1,0,0,1,0,0,0,1,1,1,0,1,1,0,0,0,1,1,1,1,0,0,0,1,1,1,1,1,1,
003-32, 1,0,1,0,0,0,1,1,0,0,1,0,0,1,1,0,0,0,1,0,0,1,1,1,1,1,0,1,0,0,0,1,
004-32, 1,0,0,1,0,0,1,1,0,0,0,1,0,1,1,0,0,0,1,1,0,1,1,0,1,1,1,0,0,0,1,1,
005-32, 0,0,1,0,1,0,0,1,0,0,0,1,1,0,1,1,0,1,1,1,0,0,0,1,1,0,1,0,0,1,0,1,
006-32, 1,0,0,0,1,0,0,1,1,1,1,1,0,0,1,0,0,1,1,0,0,0,1,0,1,1,0,0,0,1,0,1,
007-32, 1,0,0,0,1,0,1,0,0,0,1,1,1,1,1,1,1,0,0,1,0,0,1,1,1,1,1,0,0,0,1,1,
008-32, 0,0,1,0,0,1,1,0,0,0,1,1,1,1,1,0,0,1,0,1,0,0,0,1,1,1,0,0,0,1,0,1,
009-32, 0,0,1,1,0,0,0,1,0,1,0,0,1,1,0,1,0,0,0,1,0,1,1,0,0,1,0,1,0,0,0,1,
010-32, 1,0,0,0,1,1,1,0,1,1,1,1,1,1,1,1,0,0,1,0,1,0,1,0,1,0,1,1,1,1,0,0,
011-32, 0,1,0,1,0,0,0,1,1,0,1,0,1,0,0,0,1,0,1,1,0,1,1,0,1,0,0,0,1,0,1,0,
012-32, 0,1,1,0,1,0,1,0,1,1,1,1,0,1,1,1,1,0,1,0,1,1,1,1,0,1,1,0,1,1,1,0,
013-32, 0,0,1,1,0,0,1,0,1,0,1,1,1,1,1,1,0,1,0,1,1,0,1,0,0,0,1,0,1,1,0,1,
014-32, 1,1,0,1,0,0,0,1,0,1,1,0,0,1,0,1,0,0,0,1,0,1,1,0,1,1,1,0,1,0,0,0,
015-32, 1,0,1,1,0,1,0,0,1,0,1,0,0,0,1,1,1,1,1,0,0,1,0,1,0,0,0,1,1,1,0,0,
016-32, 0,1,1,1,1,0,1,1,0,1,1,0,1,0,0,1,1,0,0,0,1,1,0,0,1,0,0,1,0,1,1,0,
017-32, 1,0,1,1,0,1,1,0,0,0,1,0,1,0,0,0,1,1,0,1,1,0,0,1,0,0,0,1,1,1,0,0,
018-32, 1,0,0,1,0,0,0,1,1,1,1,0,1,0,1,1,0,1,1,0,0,0,1,0,1,0,0,0,1,1,1,0,
019-32, 1,0,0,0,1,0,1,1,0,1,1,0,1,0,0,0,1,0,1,1,1,1,0,1,1,0,1,1,0,1,0,0,
020-32, 1,1,0,0,0,1,1,0,0,1,0,0,0,1,1,0,1,1,0,1,1,0,1,0,1,0,0,1,0,0,0,1,
021-32, 1,1,1,0,0,0,1,1,1,1,0,0,0,1,0,1,0,0,0,1,1,0,1,0,0,0,1,1,0,1,1,0,
022-32, 1,1,0,1,0,1,0,0,1,0,1,1,1,1,0,0,0,1,0,0,1,0,0,1,0,0,1,1,1,1,1,0,
023-32, 0,1,0,0,1,1,0,0,0,1,0,1,1,0,0,0,1,0,0,1,1,1,1,1,0,0,1,0,0,1,1,1,
024-32, 1,0,1,0,0,1,0,0,0,1,1,0,1,1,0,1,1,1,0,0,0,1,1,0,1,0,0,1,0,0,0,1,
025-32, 1,1,0,1,1,1,0,0,0,1,0,1,0,0,0,1,1,0,1,0,0,1,0,1,1,1,0,0,0,1,0,0,
026-32, 1,1,1,0,1,1,0,0,0,1,0,1,0,0,0,1,1,0,1,0,0,1,1,1,0,0,0,1,0,0,1,1,
027-32, 1,0,1,0,1,0,0,1,1,0,0,0,1,1,0,0,1,0,0,0,1,1,1,1,1,0,1,1,1,1,0,0,
028-32, 0,1,0,0,1,1,0,0,0,1,1,0,0,1,0,0,0,1,1,1,1,0,0,0,1,0,1,0,1,0,0,1,
029-32, 0,1,0,1,0,0,1,0,1,0,0,0,1,1,1,1,1,0,0,1,0,1,0,0,0,1,1,1,1,1,0,1,
030-32, 0,0,0,1,0,1,1,0,1,1,1,0,1,0,0,0,1,0,1,1,0,0,1,0,1,0,0,0,1,0,1,1,
031-32, 0,1,1,1,0,1,0,0,0,1,0,1,1,0,1,0,1,1,0,0,1,0,0,1,1,0,0,0,1,0,0,1,
032-32, 1,1,1,1,0,1,0,0,0,1,1,0,0,1,0,0,1,1,0,0,0,1,0,1,1,0,0,0,1,1,1,1,
033-32, 1,0,1,1,1,1,0,0,0,1,0,1,0,0,0,1,1,1,1,0,0,0,1,0,0,1,1,0,0,0,1,1,
034-32, 0,0,1,0,1,0,0,1,0,0,1,1,0,0,0,1,1,0,1,1,0,1,0,1,1,0,1,1,0,0,1,1,
035-01, 1,
# 3 largest autoCoEfficiencies of sequence with shiftLength
# AllEdges of  1089,  0.587with25, 0.587with1064, 0.543with392,
# Chain-FudeNo<max10, StartX, Y, Side*2+Direct
04, 16, 16, 02
# in ChainNo<max232 , Edgedata<max32
001-32, 1,1,0,1,1,0,1,1,0,0,1,1,1,1,0,1,1,1,0,0,1,0,0,0,1,1,1,0,0,1,0,0,
002-32, 0,1,1,1,0,0,1,0,0,0,1,1,1,0,1,1,0,0,0,1,1,1,1,0,0,0,1,1,1,1,1,1,
003-32, 1,0,1,0,0,0,1,1,0,0,1,0,0,1,1,0,0,0,1,0,0,1,1,1,1,1,0,1,0,0,0,1,
004-32, 1,0,0,1,0,0,1,1,0,0,0,1,0,1,1,0,0,0,1,1,0,1,1,0,1,1,1,0,0,0,1,1,
005-32, 0,0,1,0,1,0,0,1,0,0,0,1,1,0,1,1,0,1,1,1,0,0,0,1,1,0,1,0,0,1,0,1,
006-32, 1,0,0,0,1,0,0,1,1,1,1,1,0,0,1,0,0,1,1,0,0,0,1,0,1,1,0,0,0,1,0,1,
007-32, 1,0,0,0,1,0,1,0,0,0,1,1,1,1,1,1,1,0,0,1,0,0,1,1,1,1,1,0,0,0,1,1,
008-32, 0,0,1,0,0,1,1,0,0,0,1,1,1,1,1,0,0,1,0,1,0,0,0,1,1,1,0,0,0,1,0,1,
009-32, 0,0,1,1,0,0,0,1,0,1,0,0,1,1,0,1,0,0,0,1,0,1,1,0,0,1,0,1,0,0,0,1,
010-32, 1,0,0,0,1,1,1,0,1,1,1,1,1,1,1,1,0,0,1,0,1,0,1,0,1,0,1,1,1,1,0,0,
011-32, 0,1,0,1,0,0,0,1,1,0,1,0,1,0,0,0,1,0,1,1,0,1,1,0,1,0,0,0,1,0,1,0,
012-32, 0,1,1,0,1,0,1,0,1,1,1,1,0,1,1,1,1,0,1,0,1,1,1,1,0,1,1,0,1,1,1,0,
013-32, 0,0,1,1,0,0,1,0,1,0,1,1,1,1,1,1,0,1,0,1,1,0,1,0,0,0,1,0,1,1,0,1,
014-32, 1,1,0,1,0,0,0,1,0,1,1,0,0,1,0,1,0,0,0,1,0,1,1,0,1,1,1,0,1,0,0,0,
015-32, 1,0,1,1,0,1,0,0,1,0,1,0,0,0,1,1,1,1,1,0,0,1,0,1,0,0,0,1,1,1,0,0,
016-32, 0,1,1,1,1,0,1,1,0,1,1,0,1,0,0,1,1,0,0,0,1,1,0,0,1,0,0,1,0,1,1,0,
017-32, 1,0,1,1,0,1,1,0,0,0,1,0,1,0,0,0,1,1,0,1,1,0,0,1,0,0,0,1,1,1,0,0,
018-32, 1,0,0,1,0,0,0,1,1,1,1,0,1,0,1,1,0,1,1,0,0,0,1,0,1,0,0,0,1,1,1,0,
019-32, 1,0,0,0,1,0,1,1,0,1,1,0,1,0,0,0,1,0,1,1,1,1,0,1,1,0,1,1,0,1,0,0,
020-32, 1,1,0,0,0,1,1,0,0,1,0,0,0,1,1,0,1,1,0,1,1,0,1,0,1,0,0,1,0,0,0,1,
021-32, 1,1,1,0,0,0,1,1,1,1,0,0,0,1,0,1,0,0,0,1,1,0,1,0,0,0,1,1,0,1,1,0,
022-32, 1,1,0,1,0,1,0,0,1,0,1,1,1,1,0,0,0,1,0,0,1,0,0,1,0,0,1,1,1,1,1,0,
023-32, 0,1,0,0,1,1,0,0,0,1,0,1,1,0,0,0,1,0,0,1,1,1,1,1,0,0,1,0,0,1,1,1,
024-32, 1,0,1,0,0,1,0,0,0,1,1,0,1,1,0,1,1,1,0,0,0,1,1,0,1,0,0,1,0,0,0,1,
025-32, 1,1,0,1,1,1,0,0,0,1,0,1,0,0,0,1,1,0,1,0,0,1,0,1,1,1,0,0,0,1,0,0,
026-32, 1,1,1,0,1,1,0,0,0,1,0,1,0,0,0,1,1,0,1,0,0,1,1,1,0,0,0,1,0,0,1,1,
027-32, 1,0,1,0,1,0,0,1,1,0,0,0,1,1,0,0,1,0,0,0,1,1,1,1,1,0,1,1,1,1,0,0,
028-32, 0,1,0,0,1,1,0,0,0,1,1,0,0,1,0,0,0,1,1,1,1,0,0,0,1,0,1,0,1,0,0,1,
029-32, 0,1,0,1,0,0,1,0,1,0,0,0,1,1,1,1,1,0,0,1,0,1,0,0,0,1,1,1,1,1,0,1,
030-32, 0,0,0,1,0,1,1,0,1,1,1,0,1,0,0,0,1,0,1,1,0,0,1,0,1,0,0,0,1,0,1,1,
031-32, 0,1,1,1,0,1,0,0,0,1,0,1,1,0,1,0,1,1,0,0,1,0,0,1,1,0,0,0,1,0,0,1,
032-32, 1,1,1,1,0,1,0,0,0,1,1,0,0,1,0,0,1,1,0,0,0,1,0,1,1,0,0,0,1,1,1,1,
033-32, 1,0,1,1,1,1,0,0,0,1,0,1,0,0,0,1,1,1,1,0,0,0,1,0,0,1,1,0,0,0,1,1,
034-32, 0,0,1,0,1,0,0,1,0,0,1,1,0,0,0,1,1,0,1,1,0,1,0,1,1,0,1,1,0,0,1,1,
035-01, 1,
# 3 largest autoCoEfficiencies of sequence with shiftLength
# AllEdges of  1089,  0.587with25, 0.587with1064, 0.543with392,
#
