# ImageSize pixel, KoMaNumber X,Y, Image-Name,Date
       777, 13, 5,       symmetrySample,130627
# Color(R,G,B) of Ground, Tile, Anime-Line, Final-Line
 150, 100, 000, 190, 130, 000, 255, 000, 000, 100, 255, 200,
# KoMa Array Type in 10 digit with 3 statuses 
#V-H00 01 02 03 04 05 06 07 08 09 10 11 12 
 00-, 03,04,-1,03,04,-1,-1,-1,-1,02,03,05,06,
 01-, 10,-1,-1,10,-1,-1,-1,01,07,14,08,01,12,
 02-, 09,04,01,12,-1,02,03,04,11,13,04,03,06,
 03-, 03,04,-1,03,04,09,15,06,08,-1,01,15,12,
 04-, 09,04,01,12,-1,01,12,08,-1,-1,-1,08,-1,
#
